#Não será usado diretamente no código
Combustivel: .word 320, 32
.byte 0,0,0,0,0,0,0,0,0,0,0,0,0,0,0,0,0,0,0,0,0,0,0,0,0,0,0,0,0,0,0,0,0,0,0,0,0,0,0,0,0,0,0,0,0,0,0,0,0,0,0,0,0,0,0,0,0,0,0,0,0,0,0,0,0,0,0,0,0,0,0,0,0,0,0,0,0,0,0,0,0,0,0,0,0,0,0,0,0,0,0,0,0,0,0,0,0,0,0,0,0,0,0,0,0,0,0,0,0,0,0,0,0,0,0,0,0,0,0,0,0,0,0,0,0,0,0,0,0,0,0,0,0,0,0,0,0,0,0,0,0,0,0,0,0,0,0,0,0,0,0,0,0,0,0,0,0,0,0,0,0,0,0,0,0,0,0,0,0,0,0,0,0,0,0,0,0,0,0,0,0,0,0,0,0,0,0,0,0,0,0,0,0,0,0,0,0,0,0,0,0,0,0,0,0,0,0,0,0,0,0,0,0,0,0,0,0,0,0,0,0,0,0,0,0,0,0,0,0,0,0,0,0,0,0,0,0,0,0,0,0,0,0,0,0,0,0,0,0,0,0,0,0,0,0,0,0,0,0,0,0,0,0,0,0,0,0,0,0,0,0,0,0,0,0,0,0,0,0,0,0,0,0,0,0,0,0,0,0,0,0,0,0,0,0,0,0,0,0,0,0,0,0,0,0,0,0,0,0,0,0,0,0,0,0,0,0,0,0,0,
0,0,0,0,0,0,0,0,0,0,0,0,0,0,0,0,0,0,0,0,0,0,0,0,0,0,0,0,0,0,0,0,0,0,0,0,0,0,0,0,0,0,0,0,0,0,0,0,0,0,0,0,0,0,0,0,0,0,0,0,0,0,0,0,0,0,0,0,0,0,0,0,0,0,0,0,0,0,0,0,0,0,0,0,0,0,0,0,0,0,0,0,0,0,0,0,0,0,0,0,0,0,0,0,0,0,0,0,0,0,0,0,0,0,0,0,0,0,0,0,0,0,0,0,0,0,0,0,0,0,0,0,0,0,0,0,0,0,0,0,0,0,0,0,0,0,0,0,0,0,0,0,0,0,0,0,0,0,0,0,0,0,0,0,0,0,0,0,0,0,0,0,0,0,0,0,0,0,0,0,0,0,0,0,0,0,0,0,0,0,0,0,0,0,0,0,0,0,0,0,0,0,0,0,0,0,0,0,0,0,0,0,0,0,0,0,0,0,0,0,0,0,0,0,0,0,0,0,0,0,0,0,0,0,0,0,0,0,0,0,0,0,0,0,0,0,0,0,0,0,0,0,0,0,0,0,0,0,0,0,0,0,0,0,0,0,0,0,0,0,0,0,0,0,0,0,0,0,0,0,0,0,0,0,0,0,0,0,0,0,0,0,0,0,0,0,0,0,0,0,0,0,0,0,0,0,0,0,0,0,0,0,0,0,0,0,0,0,0,0,
0,0,0,0,0,0,0,0,0,0,0,0,0,0,0,0,0,0,0,0,0,0,0,0,0,0,0,0,0,0,0,0,0,0,0,0,0,0,0,0,0,0,0,0,0,0,0,0,0,0,0,0,0,0,0,0,0,0,0,0,0,0,0,0,0,0,0,0,0,0,0,0,0,0,0,0,0,0,0,0,0,0,0,0,0,0,0,0,0,0,0,0,0,0,0,0,0,0,0,0,0,0,0,0,0,0,0,0,0,0,0,0,0,0,0,0,0,0,0,0,0,0,0,0,0,0,0,0,0,0,0,0,0,0,0,0,0,0,0,0,0,0,0,0,0,0,0,0,0,0,0,0,0,0,0,0,0,0,0,0,0,0,0,0,0,0,0,0,0,0,0,0,0,0,0,0,0,0,0,0,0,0,0,0,0,0,0,0,0,0,0,0,0,0,0,0,0,0,0,0,0,0,0,0,0,0,0,0,0,0,0,0,0,0,0,0,0,0,0,0,0,0,0,0,0,0,0,0,0,0,0,0,0,0,0,0,0,0,0,0,0,0,0,0,0,0,0,0,0,0,0,0,0,0,0,0,0,0,0,0,0,0,0,0,0,0,0,0,0,0,0,0,0,0,0,0,0,0,0,0,0,0,0,0,0,0,0,0,0,0,0,0,0,0,0,0,0,0,0,0,0,0,0,0,0,0,0,0,0,0,0,0,0,0,0,0,0,0,0,0,
0,0,0,0,0,0,0,0,0,0,0,0,0,0,0,0,0,0,0,0,0,0,0,0,0,0,0,0,0,0,0,0,0,0,0,0,0,0,0,0,0,0,0,0,0,0,0,0,0,0,0,0,0,0,0,0,0,0,0,0,0,0,0,0,0,0,0,0,0,0,0,0,0,0,0,0,0,0,0,0,0,0,0,0,0,0,0,0,0,0,0,0,0,0,0,0,0,0,0,0,0,0,0,0,0,0,0,0,0,0,0,0,0,0,0,0,0,0,0,0,0,0,0,0,0,0,0,0,0,0,0,0,0,0,0,0,0,0,0,0,0,0,0,0,0,0,0,0,0,0,0,0,0,0,0,0,0,0,0,0,0,0,0,0,0,0,0,0,0,0,0,0,0,0,0,0,0,0,0,0,0,0,0,0,0,0,0,0,0,0,0,0,0,0,0,0,0,0,0,0,0,0,0,0,0,0,0,0,0,0,0,0,0,0,0,0,0,0,0,0,0,0,0,0,0,0,0,0,0,0,0,0,0,0,0,0,0,0,0,0,0,0,0,0,0,0,0,0,0,0,0,0,0,0,0,0,0,0,0,0,0,0,0,0,0,0,0,0,0,0,0,0,0,0,0,0,0,0,0,0,0,0,0,0,0,0,0,0,0,0,0,0,0,0,0,0,0,0,0,0,0,0,0,0,0,0,0,0,0,0,0,0,0,0,0,0,0,0,0,0,
0,0,0,0,0,0,0,0,0,0,0,0,0,0,0,0,0,0,0,0,0,0,0,0,0,0,0,0,0,0,0,0,0,0,0,0,0,0,0,0,0,0,0,0,0,0,0,0,0,0,0,0,0,0,0,0,0,0,0,0,0,0,0,0,0,0,0,0,0,0,0,0,0,0,0,0,0,0,0,0,0,0,0,0,0,0,0,0,0,0,0,0,0,0,0,0,0,0,0,0,0,0,0,0,0,0,0,0,0,0,0,0,0,0,0,0,0,0,0,0,0,0,0,0,0,0,0,0,0,0,0,0,0,0,0,0,0,0,0,0,0,0,0,0,0,0,0,0,0,0,0,0,0,0,0,0,0,0,0,0,0,0,0,0,0,0,0,0,0,0,0,0,0,0,0,0,0,0,0,0,0,0,0,0,0,0,0,0,0,0,0,0,0,0,0,0,0,0,0,0,0,0,0,0,0,0,0,0,0,0,0,0,0,0,0,0,0,0,0,0,0,0,0,0,0,0,0,0,0,0,0,0,0,0,0,0,0,0,0,0,0,0,0,0,0,0,0,0,0,0,0,0,0,0,0,0,0,0,0,0,0,0,0,0,0,0,0,0,0,0,0,0,0,0,0,0,0,0,0,0,0,0,0,0,0,0,0,0,0,0,0,0,0,0,0,0,0,0,0,0,0,0,0,0,0,0,0,0,0,0,0,0,0,0,0,0,0,0,0,0,
0,0,0,0,0,0,0,0,0,0,0,0,0,0,0,0,0,0,0,0,0,0,0,0,0,0,0,0,0,0,0,0,0,0,0,0,0,0,0,0,0,0,0,0,0,0,0,0,0,0,0,0,0,0,0,0,0,0,0,0,0,0,0,0,0,0,0,0,0,0,0,0,0,0,0,0,0,0,0,0,0,0,0,0,0,0,0,0,0,0,0,0,0,0,0,0,0,0,0,0,0,0,0,0,0,0,0,0,0,0,0,0,0,0,0,0,0,0,0,0,0,0,0,0,0,0,0,0,0,0,0,0,0,0,0,0,0,0,0,0,0,0,0,0,0,0,0,0,0,0,0,0,0,0,0,0,0,0,0,0,0,0,0,0,0,0,0,0,0,0,0,0,0,0,0,0,0,0,0,0,0,0,0,0,0,0,0,0,0,0,0,0,0,0,0,0,0,0,0,0,0,0,0,0,0,0,0,0,0,0,0,0,0,0,0,0,0,0,0,0,0,0,0,0,0,0,0,0,0,0,0,0,0,0,0,0,0,0,0,0,0,0,0,0,0,0,0,0,0,0,0,0,0,0,0,0,0,0,0,0,0,0,0,0,0,0,0,0,0,0,0,0,0,0,0,0,0,0,0,0,0,0,0,0,0,0,0,0,0,0,0,0,0,0,0,0,0,0,0,0,0,0,0,0,0,0,0,0,0,0,0,0,0,0,0,0,0,0,0,0,
0,0,0,0,0,0,0,0,0,0,0,0,0,0,0,0,0,0,0,0,0,0,0,0,0,0,0,0,0,0,0,0,0,0,0,0,0,0,0,0,0,0,0,0,0,0,0,0,0,0,0,0,0,0,0,0,0,0,0,0,0,0,0,0,0,0,0,0,0,0,0,0,0,0,0,0,0,0,0,0,0,0,0,0,0,0,0,0,0,0,0,0,0,0,0,0,0,0,0,0,0,0,0,0,0,0,0,0,0,0,0,0,0,0,0,0,0,0,0,0,0,0,0,0,0,0,0,0,0,0,0,0,0,0,0,0,0,0,0,0,0,0,0,0,0,0,0,0,0,0,0,0,0,0,0,0,0,0,0,0,0,0,0,0,0,0,0,0,0,0,0,0,0,0,0,0,0,0,0,0,0,0,0,0,0,0,0,0,0,0,0,0,0,0,0,0,0,0,0,0,0,0,0,0,0,0,0,0,0,0,0,0,0,0,0,0,0,0,0,0,0,0,0,0,0,0,0,0,0,0,0,0,0,0,0,0,0,0,0,0,0,0,0,0,0,0,0,0,0,0,0,0,0,0,0,0,0,0,0,0,0,0,0,0,0,0,0,0,0,0,0,0,0,0,0,0,0,0,0,0,0,0,0,0,0,0,0,0,0,0,0,0,0,0,0,0,0,0,0,0,0,0,0,0,0,0,0,0,0,0,0,0,0,0,0,0,0,0,0,0,
0,0,0,0,0,0,0,0,0,0,0,0,0,0,0,0,0,0,0,0,0,0,0,0,0,0,0,0,0,0,0,0,0,0,0,0,0,0,0,0,0,0,0,0,0,0,0,0,0,0,0,0,0,0,0,0,0,0,0,0,0,0,0,0,0,0,0,0,0,0,0,0,0,0,0,0,0,0,0,0,0,0,0,0,0,0,0,0,0,0,0,0,0,0,0,0,0,0,0,0,0,0,0,0,0,0,0,0,0,0,0,0,0,0,0,0,0,0,0,0,0,0,0,0,0,0,0,0,0,0,0,0,0,0,0,0,0,0,0,0,0,0,0,0,0,0,0,0,0,0,0,0,0,0,0,0,0,0,0,0,0,0,0,0,0,0,0,0,0,0,0,0,0,0,0,0,0,0,0,0,0,0,0,0,0,0,0,0,0,0,0,0,0,0,0,0,0,0,0,0,0,0,0,0,0,0,0,0,0,0,0,0,0,0,0,0,0,0,0,0,0,0,0,0,0,0,0,0,0,0,0,0,0,0,0,0,0,0,0,0,0,0,0,0,0,0,0,0,0,0,0,0,0,0,0,0,0,0,0,0,0,0,0,0,0,0,0,0,0,0,0,0,0,0,0,0,0,0,0,0,0,0,0,0,0,0,0,0,0,0,0,0,0,0,0,0,0,0,0,0,0,0,0,0,0,0,0,0,0,0,0,0,0,0,0,0,0,0,0,0,
246,246,246,246,246,246,246,246,246,246,246,246,246,246,246,246,246,246,246,246,246,246,246,246,246,246,246,246,246,246,246,246,246,246,246,246,246,246,246,246,246,246,246,246,246,246,246,246,246,246,246,246,246,246,246,246,246,246,246,246,246,246,246,246,246,246,246,246,246,246,246,246,246,246,246,246,246,246,246,246,246,246,246,246,246,246,246,246,246,246,246,246,246,246,246,246,246,246,246,246,246,246,246,246,246,246,246,246,246,246,246,246,246,246,246,246,246,246,246,246,246,246,246,246,246,246,246,246,246,246,246,246,246,246,246,246,246,246,246,246,246,246,246,246,246,246,246,246,246,246,246,246,246,246,246,246,246,246,246,246,246,246,246,246,246,246,246,246,246,246,246,246,246,246,246,246,246,246,246,246,246,246,246,246,246,246,246,246,246,246,246,246,246,246,246,246,246,246,246,246,246,246,246,246,246,246,246,246,246,246,246,246,246,246,246,246,246,246,246,246,246,246,246,246,246,246,246,246,246,246,246,246,246,246,246,246,246,246,246,246,246,246,246,246,246,246,246,246,246,246,246,246,246,246,246,246,246,246,246,246,246,246,246,246,246,246,246,246,246,246,246,246,246,246,246,246,246,246,246,246,246,246,246,246,246,246,246,246,246,246,246,246,246,246,246,246,246,246,246,246,246,246,246,246,246,246,246,246,246,246,246,246,246,246,246,246,246,246,246,246,
246,246,246,246,246,246,246,246,246,246,246,246,246,246,246,246,246,246,246,246,246,246,246,246,246,246,246,246,246,246,246,246,246,246,246,246,246,246,246,246,246,246,246,246,246,246,246,246,246,246,246,246,246,246,246,246,246,246,246,246,246,246,246,246,246,246,246,246,246,246,246,246,246,246,246,246,246,246,246,246,246,246,246,246,246,246,246,246,246,246,246,246,246,246,246,246,246,246,246,246,246,246,246,246,246,246,246,246,246,246,246,246,246,246,246,246,246,246,246,246,246,246,246,246,246,246,246,246,246,246,246,246,246,246,246,246,246,246,246,246,246,246,246,246,246,246,246,246,246,246,246,246,246,246,246,246,246,246,246,246,246,246,246,246,246,246,246,246,246,246,246,246,246,246,246,246,246,246,246,246,246,246,246,246,246,246,246,246,246,246,246,246,246,246,246,246,246,246,246,246,246,246,246,246,246,246,246,246,246,246,246,246,246,246,246,246,246,246,246,246,246,246,246,246,246,246,246,246,246,246,246,246,246,246,246,246,246,246,246,246,246,246,246,246,246,246,246,246,246,246,246,246,246,246,246,246,246,246,246,246,246,246,246,246,246,246,246,246,246,246,246,246,246,246,246,246,246,246,246,246,246,246,246,246,246,246,246,246,246,246,246,246,246,246,246,246,246,246,246,246,246,246,246,246,246,246,246,246,246,246,246,246,246,246,246,246,246,246,246,246,
246,246,246,246,246,246,246,246,246,246,246,246,246,246,246,246,246,246,246,246,246,246,246,246,246,246,246,246,246,246,246,246,246,246,246,246,246,246,246,246,246,246,246,246,246,246,246,246,246,246,246,246,246,246,246,246,246,246,246,246,246,246,246,246,246,246,246,246,246,246,246,246,246,246,246,246,246,246,246,246,246,246,246,246,246,246,246,246,246,246,246,246,246,246,246,246,246,246,246,246,246,246,246,246,246,246,246,246,246,246,246,246,246,246,246,246,246,246,246,246,246,246,246,246,246,246,246,246,246,246,246,246,246,246,246,246,246,246,246,246,246,246,246,246,246,246,246,246,246,246,246,246,246,246,246,246,246,246,246,246,246,246,246,246,246,246,246,246,246,246,246,246,246,246,246,246,246,246,246,246,246,246,246,246,246,246,246,246,246,246,246,246,246,246,246,246,246,246,246,246,246,246,246,246,246,246,246,246,246,246,246,246,246,246,246,246,246,246,246,246,246,246,246,246,246,246,246,246,246,246,246,246,246,246,246,246,246,246,246,246,246,246,246,246,246,246,246,246,246,246,246,246,246,246,246,246,246,246,246,246,246,246,246,246,246,246,246,246,246,246,246,246,246,246,246,246,246,246,246,246,246,246,246,246,246,246,246,246,246,246,246,246,246,246,246,246,246,246,246,246,246,246,246,246,246,246,246,246,246,246,246,246,246,246,246,246,246,246,246,246,
246,246,246,246,246,246,246,246,246,246,246,246,246,246,246,246,246,246,246,246,246,246,246,246,246,246,246,246,246,246,246,246,246,246,246,246,246,246,246,246,246,246,246,246,246,246,246,246,246,246,246,246,246,246,246,246,246,246,246,246,246,246,246,246,246,246,246,246,246,246,246,246,246,246,246,246,246,246,246,246,246,246,246,246,246,246,246,246,246,246,246,246,246,246,246,246,246,246,246,246,246,246,246,246,246,246,246,246,246,246,246,246,246,246,246,246,246,246,246,246,246,246,246,246,246,246,246,246,246,246,246,246,246,246,246,246,246,246,246,246,246,246,246,246,246,246,246,246,246,246,246,246,246,246,246,246,246,246,246,246,246,246,246,246,246,246,246,246,246,246,246,246,246,246,246,246,246,246,246,246,246,246,246,246,246,246,246,246,246,246,246,246,246,246,246,246,246,246,246,246,246,246,246,246,246,246,246,246,246,246,246,246,246,246,246,246,246,246,246,246,246,246,246,246,246,246,246,246,246,246,246,246,246,246,246,246,246,246,246,246,246,246,246,246,246,246,246,246,246,246,246,246,246,246,246,246,246,246,246,246,246,246,246,246,246,246,246,246,246,246,246,246,246,246,246,246,246,246,246,246,246,246,246,246,246,246,246,246,246,246,246,246,246,246,246,246,246,246,246,246,246,246,246,246,246,246,246,246,246,246,246,246,246,246,246,246,246,246,246,246,
246,246,246,246,246,246,246,246,246,246,246,246,246,246,246,246,246,246,246,246,246,246,246,246,246,246,246,246,246,246,246,246,246,246,246,246,246,246,246,246,246,246,246,246,246,246,246,246,246,246,246,246,246,246,246,246,246,246,246,246,246,246,246,246,246,246,246,246,246,246,246,246,246,246,246,246,246,246,246,246,246,246,246,246,246,246,246,246,246,246,246,246,246,246,246,246,246,246,246,246,246,246,246,246,246,246,246,246,246,246,246,246,246,246,246,246,246,246,246,246,246,246,246,246,246,246,246,246,246,246,246,246,246,246,246,246,246,246,246,246,246,246,246,246,246,246,246,246,246,246,246,246,246,246,246,246,246,246,246,246,246,246,246,246,246,246,246,246,246,246,246,246,246,246,246,246,246,246,246,246,246,246,246,246,246,246,246,246,246,246,246,246,246,246,246,246,246,246,246,246,246,246,246,246,246,246,246,246,246,246,246,246,246,246,246,246,246,246,246,246,246,246,246,246,246,246,246,246,246,246,246,246,246,246,246,246,246,246,246,246,246,246,246,246,246,246,246,246,246,246,246,246,246,246,246,246,246,246,246,246,246,246,246,246,246,246,246,246,246,246,246,246,246,246,246,246,246,246,246,246,246,246,246,246,246,246,246,246,246,246,246,246,246,246,246,246,246,246,246,246,246,246,246,246,246,246,246,246,246,246,246,246,246,246,246,246,246,246,246,246,
246,246,246,246,246,246,246,246,246,246,246,246,246,246,246,246,246,246,246,246,246,246,246,246,246,246,246,246,246,246,246,246,246,246,246,246,246,246,246,246,246,246,246,246,246,246,246,246,246,246,246,246,246,246,246,246,246,246,246,246,246,246,246,246,246,246,246,246,246,246,246,246,246,246,246,246,246,246,246,246,246,246,246,246,246,246,246,246,246,246,246,246,246,246,246,246,246,246,246,246,246,246,246,246,246,246,246,246,246,246,246,246,246,246,246,246,246,246,246,246,246,246,246,246,246,246,246,246,246,246,246,246,246,246,246,246,246,246,246,246,246,246,246,246,246,246,246,246,246,246,246,246,246,246,246,246,246,246,246,246,246,246,246,246,246,246,246,246,246,246,246,246,246,246,246,246,246,246,246,246,246,246,246,246,246,246,246,246,246,246,246,246,246,246,246,246,246,246,246,246,246,246,246,246,246,246,246,246,246,246,246,246,246,246,246,246,246,246,246,246,246,246,246,246,246,246,246,246,246,246,246,246,246,246,246,246,246,246,246,246,246,246,246,246,246,246,246,246,246,246,246,246,246,246,246,246,246,246,246,246,246,246,246,246,246,246,246,246,246,246,246,246,246,246,246,246,246,246,246,246,246,246,246,246,246,246,246,246,246,246,246,246,246,246,246,246,246,246,246,246,246,246,246,246,246,246,246,246,246,246,246,246,246,246,246,246,246,246,246,246,
246,246,246,246,246,246,246,246,246,246,246,246,246,246,246,246,246,246,246,246,246,246,246,246,246,246,246,246,246,246,246,246,246,246,246,246,246,246,246,246,246,246,246,246,246,246,246,246,246,246,246,246,246,246,246,246,246,246,246,246,246,246,246,246,246,246,246,246,246,246,246,246,246,246,246,246,246,246,246,246,246,246,246,246,246,246,246,246,246,246,246,246,246,246,246,246,246,246,246,246,246,246,246,246,246,246,246,246,246,246,246,246,246,246,246,246,246,246,246,246,246,246,246,246,246,246,246,246,246,246,246,246,246,246,246,246,246,246,246,246,246,246,246,246,246,246,246,246,246,246,246,246,246,246,246,246,246,246,246,246,246,246,246,246,246,246,246,246,246,246,246,246,246,246,246,246,246,246,246,246,246,246,246,246,246,246,246,246,246,246,246,246,246,246,246,246,246,246,246,246,246,246,246,246,246,246,246,246,246,246,246,246,246,246,246,246,246,246,246,246,246,246,246,246,246,246,246,246,246,246,246,246,246,246,246,246,246,246,246,246,246,246,246,246,246,246,246,246,246,246,246,246,246,246,246,246,246,246,246,246,246,246,246,246,246,246,246,246,246,246,246,246,246,246,246,246,246,246,246,246,246,246,246,246,246,246,246,246,246,246,246,246,246,246,246,246,246,246,246,246,246,246,246,246,246,246,246,246,246,246,246,246,246,246,246,246,246,246,246,246,
246,246,246,246,246,246,246,246,246,246,246,246,246,246,246,246,246,246,246,246,246,246,246,246,246,246,246,246,246,246,246,246,246,246,246,246,246,246,246,246,246,246,246,246,246,246,246,246,246,246,246,246,246,246,246,246,246,246,246,246,246,246,246,246,246,246,246,246,246,246,246,246,246,246,246,246,246,246,246,246,246,246,246,246,246,246,246,246,246,246,246,246,246,246,246,246,246,246,246,246,246,246,246,246,246,246,246,246,246,246,246,246,246,246,246,246,246,246,246,246,246,246,246,246,246,246,246,246,246,246,246,246,246,246,246,246,246,246,246,246,246,246,246,246,246,246,246,246,246,246,246,246,246,246,246,246,246,246,246,246,246,246,246,246,246,246,246,246,246,246,246,246,246,246,246,246,246,246,246,246,246,246,246,246,246,246,246,246,246,246,246,246,246,246,246,246,246,246,246,246,246,246,246,246,246,246,246,246,246,246,246,246,246,246,246,246,246,246,246,246,246,246,246,246,246,246,246,246,246,246,246,246,246,246,246,246,246,246,246,246,246,246,246,246,246,246,246,246,246,246,246,246,246,246,246,246,246,246,246,246,246,246,246,246,246,246,246,246,246,246,246,246,246,246,246,246,246,246,246,246,246,246,246,246,246,246,246,246,246,246,246,246,246,246,246,246,246,246,246,246,246,246,246,246,246,246,246,246,246,246,246,246,246,246,246,246,246,246,246,246,
246,246,246,246,246,246,246,246,246,246,246,246,246,246,246,246,246,246,246,246,246,246,246,246,246,246,246,246,246,246,246,246,246,246,246,246,246,246,246,246,246,246,246,246,246,246,246,246,246,246,246,246,246,246,246,246,246,246,246,246,246,246,246,246,246,246,246,246,246,246,246,246,246,246,246,246,246,246,246,246,246,246,246,246,246,246,246,246,246,246,246,246,246,246,246,246,246,246,246,246,246,246,246,246,246,246,246,246,246,246,246,246,246,246,246,246,246,246,246,246,246,246,246,246,246,246,246,246,246,246,246,246,246,246,246,246,246,246,246,246,246,246,246,246,246,246,246,246,246,246,246,246,246,246,246,246,246,246,246,246,246,246,246,246,246,246,246,246,246,246,246,246,246,246,246,246,246,246,246,246,246,246,246,246,246,246,246,246,246,246,246,246,246,246,246,246,246,246,246,246,246,246,246,246,246,246,246,246,246,246,246,246,246,246,246,246,246,246,246,246,246,246,246,246,246,246,246,246,246,246,246,246,246,246,246,246,246,246,246,246,246,246,246,246,246,246,246,246,246,246,246,246,246,246,246,246,246,246,246,246,246,246,246,246,246,246,246,246,246,246,246,246,246,246,246,246,246,246,246,246,246,246,246,246,246,246,246,246,246,246,246,246,246,246,246,246,246,246,246,246,246,246,246,246,246,246,246,246,246,246,246,246,246,246,246,246,246,246,246,246,
246,246,246,246,246,246,246,246,246,246,246,246,246,246,246,246,246,246,246,246,246,246,246,246,246,246,246,246,246,246,246,246,246,246,246,246,246,246,246,246,246,246,246,246,246,246,246,246,246,246,246,246,246,246,246,246,246,246,246,246,246,246,246,246,246,246,246,246,246,246,246,246,246,246,246,246,246,246,246,246,246,246,246,246,246,246,246,246,246,246,246,246,246,246,246,246,246,246,246,246,246,246,246,246,246,246,246,246,246,246,246,246,246,246,246,246,246,246,246,246,246,246,246,246,246,246,246,246,246,246,246,246,246,246,246,246,246,246,246,246,246,246,246,246,246,246,246,246,246,246,246,246,246,246,246,246,246,246,246,246,246,246,246,246,246,246,246,246,246,246,246,246,246,246,246,246,246,246,246,246,246,246,246,246,246,246,246,246,246,246,246,246,246,246,246,246,246,246,246,246,246,246,246,246,246,246,246,246,246,246,246,246,246,246,246,246,246,246,246,246,246,246,246,246,246,246,246,246,246,246,246,246,246,246,246,246,246,246,246,246,246,246,246,246,246,246,246,246,246,246,246,246,246,246,246,246,246,246,246,246,246,246,246,246,246,246,246,246,246,246,246,246,246,246,246,246,246,246,246,246,246,246,246,246,246,246,246,246,246,246,246,246,246,246,246,246,246,246,246,246,246,246,246,246,246,246,246,246,246,246,246,246,246,246,246,246,246,246,246,246,
246,246,246,246,246,246,246,246,246,246,246,246,246,246,246,246,246,246,246,246,246,246,246,246,246,246,246,246,246,246,246,246,246,246,246,246,246,246,246,246,246,246,246,246,246,246,246,246,246,246,246,246,246,246,246,246,246,246,246,246,246,246,246,246,246,246,246,246,246,246,246,246,246,246,246,246,246,246,246,246,246,246,246,246,246,246,246,246,246,246,246,246,246,246,246,246,246,246,246,246,246,246,246,246,246,246,246,246,246,246,246,246,246,246,246,246,246,246,246,246,246,246,246,246,246,246,246,246,246,246,246,246,246,246,246,246,246,246,246,246,246,246,246,246,246,246,246,246,246,246,246,246,246,246,246,246,246,246,246,246,246,246,246,246,246,246,246,246,246,246,246,246,246,246,246,246,246,246,246,246,246,246,246,246,246,246,246,246,246,246,246,246,246,246,246,246,246,246,246,246,246,246,246,246,246,246,246,246,246,246,246,246,246,246,246,246,246,246,246,246,246,246,246,246,246,246,246,246,246,246,246,246,246,246,246,246,246,246,246,246,246,246,246,246,246,246,246,246,246,246,246,246,246,246,246,246,246,246,246,246,246,246,246,246,246,246,246,246,246,246,246,246,246,246,246,246,246,246,246,246,246,246,246,246,246,246,246,246,246,246,246,246,246,246,246,246,246,246,246,246,246,246,246,246,246,246,246,246,246,246,246,246,246,246,246,246,246,246,246,246,
246,246,246,246,246,246,246,246,246,246,246,246,246,246,246,246,246,246,246,246,246,246,246,246,246,246,246,246,246,246,246,246,246,246,246,246,246,246,246,246,246,246,246,246,246,246,246,246,246,246,246,246,246,246,246,246,246,246,246,246,246,246,246,246,246,246,246,246,246,246,246,246,246,246,246,246,246,246,246,246,246,246,246,246,246,246,246,246,246,246,246,246,246,246,246,246,246,246,246,246,246,246,246,246,246,246,246,246,246,246,246,246,246,246,246,246,246,246,246,246,246,246,246,246,246,246,246,246,246,246,246,246,246,246,246,246,246,246,246,246,246,246,246,246,246,246,246,246,246,246,246,246,246,246,246,246,246,246,246,246,246,246,246,246,246,246,246,246,246,246,246,246,246,246,246,246,246,246,246,246,246,246,246,246,246,246,246,246,246,246,246,246,246,246,246,246,246,246,246,246,246,246,246,246,246,246,246,246,246,246,246,246,246,246,246,246,246,246,246,246,246,246,246,246,246,246,246,246,246,246,246,246,246,246,246,246,246,246,246,246,246,246,246,246,246,246,246,246,246,246,246,246,246,246,246,246,246,246,246,246,246,246,246,246,246,246,246,246,246,246,246,246,246,246,246,246,246,246,246,246,246,246,246,246,246,246,246,246,246,246,246,246,246,246,246,246,246,246,246,246,246,246,246,246,246,246,246,246,246,246,246,246,246,246,246,246,246,246,246,246,
246,246,246,246,246,246,246,246,246,246,246,246,246,246,246,246,246,246,246,246,246,246,246,246,246,246,246,246,246,246,246,246,246,246,246,246,246,246,246,246,246,246,246,246,246,246,246,246,246,246,246,246,246,246,246,246,246,246,246,246,246,246,246,246,246,246,246,246,246,246,246,246,246,246,246,246,246,246,246,246,246,246,246,246,246,246,246,246,246,246,246,246,246,246,246,246,246,246,246,246,246,246,246,246,246,246,246,246,246,246,246,246,246,246,246,246,246,246,246,246,246,246,246,246,246,246,246,246,246,246,246,246,246,246,246,246,246,246,246,246,246,246,246,246,246,246,246,246,246,246,246,246,246,246,246,246,246,246,246,246,246,246,246,246,246,246,246,246,246,246,246,246,246,246,246,246,246,246,246,246,246,246,246,246,246,246,246,246,246,246,246,246,246,246,246,246,246,246,246,246,246,246,246,246,246,246,246,246,246,246,246,246,246,246,246,246,246,246,246,246,246,246,246,246,246,246,246,246,246,246,246,246,246,246,246,246,246,246,246,246,246,246,246,246,246,246,246,246,246,246,246,246,246,246,246,246,246,246,246,246,246,246,246,246,246,246,246,246,246,246,246,246,246,246,246,246,246,246,246,246,246,246,246,246,246,246,246,246,246,246,246,246,246,246,246,246,246,246,246,246,246,246,246,246,246,246,246,246,246,246,246,246,246,246,246,246,246,246,246,246,
246,246,246,246,246,246,246,246,246,246,246,246,246,246,246,246,246,246,246,246,246,246,246,246,246,246,246,246,246,246,246,246,246,246,246,246,246,246,246,246,246,246,246,246,246,246,246,246,246,246,246,246,246,246,246,246,246,246,246,246,246,246,246,246,246,246,246,246,246,246,246,246,246,246,246,246,246,246,246,246,246,246,246,246,246,246,246,246,246,246,246,246,246,246,246,246,246,246,246,246,246,246,246,246,246,246,246,246,246,246,246,246,246,246,246,246,246,246,246,246,246,246,246,246,246,246,246,246,246,246,246,246,246,246,246,246,246,246,246,246,246,246,246,246,246,246,246,246,246,246,246,246,246,246,246,246,246,246,246,246,246,246,246,246,246,246,246,246,246,246,246,246,246,246,246,246,246,246,246,246,246,246,246,246,246,246,246,246,246,246,246,246,246,246,246,246,246,246,246,246,246,246,246,246,246,246,246,246,246,246,246,246,246,246,246,246,246,246,246,246,246,246,246,246,246,246,246,246,246,246,246,246,246,246,246,246,246,246,246,246,246,246,246,246,246,246,246,246,246,246,246,246,246,246,246,246,246,246,246,246,246,246,246,246,246,246,246,246,246,246,246,246,246,246,246,246,246,246,246,246,246,246,246,246,246,246,246,246,246,246,246,246,246,246,246,246,246,246,246,246,246,246,246,246,246,246,246,246,246,246,246,246,246,246,246,246,246,246,246,246,
246,246,246,246,246,246,246,246,246,246,246,246,246,246,246,246,246,246,246,246,246,246,246,246,246,246,246,246,246,246,246,246,246,246,246,246,246,246,246,246,246,246,246,246,246,246,246,246,246,246,246,246,246,246,246,246,246,246,246,246,246,246,246,246,246,246,246,246,246,246,246,246,246,246,246,246,246,246,246,246,246,246,246,246,246,246,246,246,246,246,246,246,246,246,246,246,246,246,246,246,246,246,246,246,246,246,246,246,246,246,246,246,246,246,246,246,246,246,246,246,246,246,246,246,246,246,246,246,246,246,246,246,246,246,246,246,246,246,246,246,246,246,246,246,246,246,246,246,246,246,246,246,246,246,246,246,246,246,246,246,246,246,246,246,246,246,246,246,246,246,246,246,246,246,246,246,246,246,246,246,246,246,246,246,246,246,246,246,246,246,246,246,246,246,246,246,246,246,246,246,246,246,246,246,246,246,246,246,246,246,246,246,246,246,246,246,246,246,246,246,246,246,246,246,246,246,246,246,246,246,246,246,246,246,246,246,246,246,246,246,246,246,246,246,246,246,246,246,246,246,246,246,246,246,246,246,246,246,246,246,246,246,246,246,246,246,246,246,246,246,246,246,246,246,246,246,246,246,246,246,246,246,246,246,246,246,246,246,246,246,246,246,246,246,246,246,246,246,246,246,246,246,246,246,246,246,246,246,246,246,246,246,246,246,246,246,246,246,246,246,
246,246,246,246,246,246,246,246,246,246,246,246,246,246,246,246,246,246,246,246,246,246,246,246,246,246,246,246,246,246,246,246,246,246,246,246,246,246,246,246,246,246,246,246,246,246,246,246,246,246,246,246,246,246,246,246,246,246,246,246,246,246,246,246,246,246,246,246,246,246,246,246,246,246,246,246,246,246,246,246,246,246,246,246,246,246,246,246,246,246,246,246,246,246,246,246,246,246,246,246,246,246,246,246,246,246,246,246,246,246,246,246,246,246,246,246,246,246,246,246,246,246,246,246,246,246,246,246,246,246,246,246,246,246,246,246,246,246,246,246,246,246,246,246,246,246,246,246,246,246,246,246,246,246,246,246,246,246,246,246,246,246,246,246,246,246,246,246,246,246,246,246,246,246,246,246,246,246,246,246,246,246,246,246,246,246,246,246,246,246,246,246,246,246,246,246,246,246,246,246,246,246,246,246,246,246,246,246,246,246,246,246,246,246,246,246,246,246,246,246,246,246,246,246,246,246,246,246,246,246,246,246,246,246,246,246,246,246,246,246,246,246,246,246,246,246,246,246,246,246,246,246,246,246,246,246,246,246,246,246,246,246,246,246,246,246,246,246,246,246,246,246,246,246,246,246,246,246,246,246,246,246,246,246,246,246,246,246,246,246,246,246,246,246,246,246,246,246,246,246,246,246,246,246,246,246,246,246,246,246,246,246,246,246,246,246,246,246,246,246,
0,0,0,0,0,0,0,0,0,0,0,0,0,0,0,0,0,0,0,0,0,0,0,0,0,0,0,0,0,0,0,0,0,0,0,0,0,0,0,0,0,0,0,0,0,0,0,0,0,0,0,0,0,0,0,0,0,0,0,0,0,0,0,0,0,0,0,0,0,0,0,0,0,0,0,0,0,0,0,0,0,0,0,0,0,0,0,0,0,0,0,0,0,0,0,0,0,0,0,0,0,0,0,0,0,0,0,0,0,0,0,0,0,0,0,0,0,0,0,0,0,0,0,0,0,0,0,0,0,0,0,0,0,0,0,0,0,0,0,0,0,0,0,0,0,0,0,0,0,0,0,0,0,0,0,0,0,0,0,0,0,0,0,0,0,0,0,0,0,0,0,0,0,0,0,0,0,0,0,0,0,0,0,0,0,0,0,0,0,0,0,0,0,0,0,0,0,0,0,0,0,0,0,0,0,0,0,0,0,0,0,0,0,0,0,0,0,0,0,0,0,0,0,0,0,0,0,0,0,0,0,0,0,0,0,0,0,0,0,0,0,0,0,0,0,0,0,0,0,0,0,0,0,0,0,0,0,0,0,0,0,0,0,0,0,0,0,0,0,0,0,0,0,0,0,0,0,0,0,0,0,0,0,0,0,0,0,0,0,0,0,0,0,0,0,0,0,0,0,0,0,0,0,0,0,0,0,0,0,0,0,0,0,0,0,0,0,0,0,0,
0,0,0,0,0,0,0,0,0,0,0,0,0,0,0,0,0,0,0,0,0,0,0,0,0,0,0,0,0,0,0,0,0,0,0,0,0,0,0,0,0,0,0,0,0,0,0,0,0,0,0,0,0,0,0,0,0,0,0,0,0,0,0,0,0,0,0,0,0,0,0,0,0,0,0,0,0,0,0,0,0,0,0,0,0,0,0,0,0,0,0,0,0,0,0,0,0,0,0,0,0,0,0,0,0,0,0,0,0,0,0,0,0,0,0,0,0,0,0,0,0,0,0,0,0,0,0,0,0,0,0,0,0,0,0,0,0,0,0,0,0,0,0,0,0,0,0,0,0,0,0,0,0,0,0,0,0,0,0,0,0,0,0,0,0,0,0,0,0,0,0,0,0,0,0,0,0,0,0,0,0,0,0,0,0,0,0,0,0,0,0,0,0,0,0,0,0,0,0,0,0,0,0,0,0,0,0,0,0,0,0,0,0,0,0,0,0,0,0,0,0,0,0,0,0,0,0,0,0,0,0,0,0,0,0,0,0,0,0,0,0,0,0,0,0,0,0,0,0,0,0,0,0,0,0,0,0,0,0,0,0,0,0,0,0,0,0,0,0,0,0,0,0,0,0,0,0,0,0,0,0,0,0,0,0,0,0,0,0,0,0,0,0,0,0,0,0,0,0,0,0,0,0,0,0,0,0,0,0,0,0,0,0,0,0,0,0,0,0,0,
7,7,0,0,0,0,0,0,0,0,0,0,0,0,0,0,0,0,0,0,0,0,0,0,0,0,0,0,0,0,0,0,0,0,0,0,0,0,0,0,0,0,0,0,0,0,0,0,0,0,0,0,0,0,0,0,0,0,0,0,0,0,0,0,0,0,0,0,0,0,0,0,0,0,0,0,0,0,0,0,7,7,0,0,0,0,0,0,0,0,0,0,0,0,0,0,0,0,0,0,0,0,0,0,0,0,0,0,0,0,0,0,0,0,0,0,0,0,0,0,0,0,0,0,0,0,0,0,0,0,0,0,0,0,0,0,0,0,0,0,0,0,0,0,0,0,0,0,0,0,0,0,0,0,0,0,0,0,0,7,7,0,0,0,0,0,0,0,0,0,0,0,0,0,0,0,0,0,0,0,0,0,0,0,0,0,0,0,0,0,0,0,0,0,0,0,0,0,0,0,0,0,0,0,0,0,0,0,0,0,0,0,0,0,0,0,0,0,0,0,0,0,0,0,0,0,0,0,0,0,0,0,0,0,0,0,0,0,7,7,0,0,0,0,0,0,0,0,0,0,0,0,0,0,0,0,0,0,0,0,0,0,0,0,0,0,0,0,0,0,0,0,0,0,0,0,0,0,0,0,0,0,0,0,0,0,0,0,0,0,0,0,0,0,0,0,0,0,0,0,0,0,0,0,0,0,0,0,0,0,0,0,0,0,0,0,0,0,7,7,
7,7,0,0,0,0,0,0,0,0,0,0,0,0,0,0,0,0,0,0,0,0,0,0,0,0,0,0,0,0,0,0,0,0,0,0,0,0,0,0,0,0,0,0,0,0,0,0,0,0,0,0,0,0,0,0,0,0,0,0,0,0,0,0,0,0,0,0,0,0,0,0,0,0,0,0,0,0,0,0,7,7,0,0,0,0,0,0,0,0,0,0,0,0,0,0,0,0,0,0,0,0,0,0,0,0,0,0,0,0,0,0,0,0,0,0,0,0,0,0,0,0,0,0,0,0,0,0,0,0,0,0,0,0,0,0,0,0,0,0,0,0,0,0,0,0,0,0,0,0,0,0,0,0,0,0,0,0,0,7,7,0,0,0,0,0,0,0,0,0,0,0,0,0,0,0,0,0,0,0,0,0,0,0,0,0,0,0,0,0,0,0,0,0,0,0,0,0,0,0,0,0,0,0,0,0,0,0,0,0,0,0,0,0,0,0,0,0,0,0,0,0,0,0,0,0,0,0,0,0,0,0,0,0,0,0,0,0,7,7,0,0,0,0,0,0,0,0,0,0,0,0,0,0,0,0,0,0,0,0,0,0,0,0,0,0,0,0,0,0,0,0,0,0,0,0,0,0,0,0,0,0,0,0,0,0,0,0,0,0,0,0,0,0,0,0,0,0,0,0,0,0,0,0,0,0,0,0,0,0,0,0,0,0,0,0,0,0,7,7,
7,7,0,0,0,0,0,0,0,0,0,0,0,0,0,0,0,0,0,0,0,0,0,0,0,0,0,0,0,0,0,0,0,0,0,0,0,0,0,0,0,0,0,0,0,0,0,0,0,0,0,0,0,0,0,0,0,0,0,0,0,0,0,0,0,0,0,0,0,0,0,0,0,0,0,0,0,0,0,0,7,7,0,0,0,0,0,0,0,0,0,0,0,0,0,0,0,0,0,0,0,0,0,0,0,0,0,0,0,0,0,0,0,0,0,0,0,0,0,0,0,0,0,0,0,0,0,0,0,0,0,0,0,0,0,0,0,0,0,0,0,0,0,0,0,0,0,0,0,0,0,0,0,0,0,0,0,0,0,7,7,0,0,0,0,0,0,0,0,0,0,0,0,0,0,0,0,0,0,0,0,0,0,0,0,0,0,0,0,0,0,0,0,0,0,0,0,0,0,0,0,0,0,0,0,0,0,0,0,0,0,0,0,0,0,0,0,0,0,0,0,0,0,0,0,0,0,0,0,0,0,0,0,0,0,0,0,0,7,7,0,0,0,0,0,0,0,0,0,0,0,0,0,0,0,0,0,0,0,0,0,0,0,0,0,0,0,0,0,0,0,0,0,0,0,0,0,0,0,0,0,0,0,0,0,0,0,0,0,0,0,0,0,0,0,0,0,0,0,0,0,0,0,0,0,0,0,0,0,0,0,0,0,0,0,0,0,0,7,7,
7,7,7,7,7,7,7,7,7,7,7,7,7,7,7,7,7,7,7,7,7,7,7,7,7,7,7,7,7,7,7,7,7,7,7,7,7,7,7,7,7,7,7,7,7,7,7,7,7,7,7,7,7,7,7,7,7,7,7,7,7,7,7,7,7,7,7,7,7,7,7,7,7,7,7,7,7,7,7,7,7,7,7,7,7,7,7,7,7,7,7,7,7,7,7,7,7,7,7,7,7,7,7,7,7,7,7,7,7,7,7,7,7,7,7,7,7,7,7,7,7,7,7,7,7,7,7,7,7,7,7,7,7,7,7,7,7,7,7,7,7,7,7,7,7,7,7,7,7,7,7,7,7,7,7,7,7,7,7,7,7,7,7,7,7,7,7,7,7,7,7,7,7,7,7,7,7,7,7,7,7,7,7,7,7,7,7,7,7,7,7,7,7,7,7,7,7,7,7,7,7,7,7,7,7,7,7,7,7,7,7,7,7,7,7,7,7,7,7,7,7,7,7,7,7,7,7,7,7,7,7,7,7,7,7,7,7,7,7,7,7,7,7,7,7,7,7,7,7,7,7,7,7,7,7,7,7,7,7,7,7,7,7,7,7,7,7,7,7,7,7,7,7,7,7,7,7,7,7,7,7,7,7,7,7,7,7,7,7,7,7,7,7,7,7,7,7,7,7,7,7,7,7,7,7,7,7,7,7,7,7,7,7,7,7,7,7,7,7,7,
0,0,0,0,0,0,0,0,0,0,0,0,0,0,0,0,0,0,0,0,0,0,0,0,0,0,0,0,0,0,0,0,0,0,0,0,0,0,0,0,0,0,0,0,0,0,0,0,0,0,0,0,0,0,0,0,0,0,0,0,0,0,0,0,0,0,0,0,0,0,0,0,0,0,0,0,0,0,0,0,0,0,0,0,0,0,0,0,0,0,0,0,0,0,0,0,0,0,0,0,0,0,0,0,0,0,0,0,0,0,0,0,0,0,0,0,0,0,0,0,0,0,0,0,0,0,0,0,0,0,0,0,0,0,0,0,0,0,0,0,0,0,0,0,0,0,0,0,0,0,0,0,0,0,0,0,0,0,0,0,0,0,0,0,0,0,0,0,0,0,0,0,0,0,0,0,0,0,0,0,0,0,0,0,0,0,0,0,0,0,0,0,0,0,0,0,0,0,0,0,0,0,0,0,0,0,0,0,0,0,0,0,0,0,0,0,0,0,0,0,0,0,0,0,0,0,0,0,0,0,0,0,0,0,0,0,0,0,0,0,0,0,0,0,0,0,0,0,0,0,0,0,0,0,0,0,0,0,0,0,0,0,0,0,0,0,0,0,0,0,0,0,0,0,0,0,0,0,0,0,0,0,0,0,0,0,0,0,0,0,0,0,0,0,0,0,0,0,0,0,0,0,0,0,0,0,0,0,0,0,0,0,0,0,0,0,0,0,0,0,
0,0,0,0,0,0,0,0,0,0,0,0,0,0,0,0,0,0,0,0,0,0,0,0,0,0,0,0,0,0,0,0,0,0,0,0,0,0,0,0,0,0,0,0,0,0,0,0,0,0,0,0,0,0,0,0,0,0,0,0,0,0,0,0,0,0,0,0,0,0,0,0,0,0,0,0,0,0,0,0,0,0,0,0,0,0,0,0,0,0,0,0,0,0,0,0,0,0,0,0,0,0,0,0,0,0,0,0,0,0,0,0,0,0,0,0,0,0,0,0,0,0,0,0,0,0,0,0,0,0,0,0,0,0,0,0,0,0,0,0,0,0,0,0,0,0,0,0,0,0,0,0,0,0,0,0,0,0,0,0,0,0,0,0,0,0,0,0,0,0,0,0,0,0,0,0,0,0,0,0,0,0,0,0,0,0,0,0,0,0,0,0,0,0,0,0,0,0,0,0,0,0,0,0,0,0,0,0,0,0,0,0,0,0,0,0,0,0,0,0,0,0,0,0,0,0,0,0,0,0,0,0,0,0,0,0,0,0,0,0,0,0,0,0,0,0,0,0,0,0,0,0,0,0,0,0,0,0,0,0,0,0,0,0,0,0,0,0,0,0,0,0,0,0,0,0,0,0,0,0,0,0,0,0,0,0,0,0,0,0,0,0,0,0,0,0,0,0,0,0,0,0,0,0,0,0,0,0,0,0,0,0,0,0,0,0,0,0,0,0,


