..\imagens_para_conversao\fantasma_tela_inicial: .word 64, 64
.byte 0xC7,0xC7,0xC7,0xC7,0xC7,0xC7,0xC7,0xC7,0xC7,0xC7,0xC7,0xC7,0xC7,0xC7,0xC7,0xC7,255,255,255,255,255,255,255,255,255,255,255,255,255,255,255,255,255,255,255,255,255,255,255,255,255,255,255,255,255,255,255,255,255,255,255,255,255,255,255,255,0xC7,0xC7,0xC7,0xC7,0xC7,0xC7,0xC7,0xC7,
0xC7,0xC7,0xC7,0xC7,0xC7,0xC7,0xC7,0xC7,0xC7,0xC7,0xC7,0xC7,0xC7,0xC7,0xC7,0xC7,255,255,255,255,255,255,255,255,255,255,255,255,255,255,255,255,255,255,255,255,255,255,255,255,255,255,255,255,255,255,255,255,255,255,255,255,255,255,255,255,0xC7,0xC7,0xC7,0xC7,0xC7,0xC7,0xC7,0xC7,
0xC7,0xC7,0xC7,0xC7,0xC7,0xC7,0xC7,0xC7,0xC7,0xC7,0xC7,0xC7,0xC7,0xC7,0xC7,0xC7,255,255,255,255,255,255,255,255,255,255,255,255,255,255,255,255,255,255,255,255,255,255,255,255,255,255,255,255,255,255,255,255,255,255,255,255,255,255,255,255,0xC7,0xC7,0xC7,0xC7,0xC7,0xC7,0xC7,0xC7,
0xC7,0xC7,0xC7,0xC7,0xC7,0xC7,0xC7,0xC7,0xC7,0xC7,0xC7,0xC7,0xC7,0xC7,0xC7,0xC7,255,255,255,255,255,255,255,255,255,255,255,255,255,255,255,255,255,255,255,255,255,255,255,255,255,255,255,255,255,255,255,255,255,255,255,255,255,255,255,255,0xC7,0xC7,0xC7,0xC7,0xC7,0xC7,0xC7,0xC7,
0xC7,0xC7,0xC7,0xC7,0xC7,0xC7,0xC7,0xC7,0xC7,0xC7,0xC7,0xC7,0xC7,0xC7,0xC7,0xC7,255,255,255,255,255,255,255,255,255,255,255,255,255,255,255,255,255,255,255,255,255,255,255,255,255,255,255,255,255,255,255,255,255,255,255,255,255,255,255,255,0xC7,0xC7,0xC7,0xC7,0xC7,0xC7,0xC7,0xC7,
0xC7,0xC7,0xC7,0xC7,0xC7,0xC7,0xC7,0xC7,0xC7,0xC7,0xC7,0xC7,0xC7,0xC7,0xC7,0xC7,255,255,255,255,255,255,255,255,255,255,255,255,255,255,255,255,255,255,255,255,255,255,255,255,255,255,255,255,255,255,255,255,255,255,255,255,255,255,255,255,0xC7,0xC7,0xC7,0xC7,0xC7,0xC7,0xC7,0xC7,
0xC7,0xC7,0xC7,0xC7,0xC7,0xC7,0xC7,0xC7,0xC7,0xC7,0xC7,0xC7,0xC7,0xC7,0xC7,0xC7,255,255,255,255,255,255,255,255,255,255,255,255,255,255,255,255,255,255,255,255,255,255,255,255,255,255,255,255,255,255,255,255,255,255,255,255,255,255,255,255,0xC7,0xC7,0xC7,0xC7,0xC7,0xC7,0xC7,0xC7,
0xC7,0xC7,0xC7,0xC7,0xC7,0xC7,0xC7,0xC7,0xC7,0xC7,0xC7,0xC7,0xC7,0xC7,0xC7,0xC7,255,255,255,255,255,255,255,255,255,255,255,255,255,255,255,255,255,255,255,255,255,255,255,255,255,255,255,255,255,255,255,255,255,255,255,255,255,255,255,255,0xC7,0xC7,0xC7,0xC7,0xC7,0xC7,0xC7,0xC7,
0xC7,0xC7,0xC7,0xC7,0xC7,0xC7,0xC7,0xC7,255,255,255,255,255,255,255,255,255,255,255,255,255,255,255,255,255,255,255,255,255,255,255,255,0,0,0,0,0,0,0,0,255,255,255,255,255,255,255,255,0,0,0,0,0,0,0,0,255,255,255,255,255,255,255,255,
0xC7,0xC7,0xC7,0xC7,0xC7,0xC7,0xC7,0xC7,255,255,255,255,255,255,255,255,255,255,255,255,255,255,255,255,255,255,255,255,255,255,255,255,0,0,0,0,0,0,0,0,255,255,255,255,255,255,255,255,0,0,0,0,0,0,0,0,255,255,255,255,255,255,255,255,
0xC7,0xC7,0xC7,0xC7,0xC7,0xC7,0xC7,0xC7,255,255,255,255,255,255,255,255,255,255,255,255,255,255,255,255,255,255,255,255,255,255,255,255,0,0,0,0,0,0,0,0,255,255,255,255,255,255,255,255,0,0,0,0,0,0,0,0,255,255,255,255,255,255,255,255,
0xC7,0xC7,0xC7,0xC7,0xC7,0xC7,0xC7,0xC7,255,255,255,255,255,255,255,255,255,255,255,255,255,255,255,255,255,255,255,255,255,255,255,255,0,0,0,0,0,0,0,0,255,255,255,255,255,255,255,255,0,0,0,0,0,0,0,0,255,255,255,255,255,255,255,255,
0xC7,0xC7,0xC7,0xC7,0xC7,0xC7,0xC7,0xC7,255,255,255,255,255,255,255,255,255,255,255,255,255,255,255,255,255,255,255,255,255,255,255,255,0,0,0,0,0,0,0,0,255,255,255,255,255,255,255,255,0,0,0,0,0,0,0,0,255,255,255,255,255,255,255,255,
0xC7,0xC7,0xC7,0xC7,0xC7,0xC7,0xC7,0xC7,255,255,255,255,255,255,255,255,255,255,255,255,255,255,255,255,255,255,255,255,255,255,255,255,0,0,0,0,0,0,0,0,255,255,255,255,255,255,255,255,0,0,0,0,0,0,0,0,255,255,255,255,255,255,255,255,
0xC7,0xC7,0xC7,0xC7,0xC7,0xC7,0xC7,0xC7,255,255,255,255,255,255,255,255,255,255,255,255,255,255,255,255,255,255,255,255,255,255,255,255,0,0,0,0,0,0,0,0,255,255,255,255,255,255,255,255,0,0,0,0,0,0,0,0,255,255,255,255,255,255,255,255,
0xC7,0xC7,0xC7,0xC7,0xC7,0xC7,0xC7,0xC7,255,255,255,255,255,255,255,255,255,255,255,255,255,255,255,255,255,255,255,255,255,255,255,255,0,0,0,0,0,0,0,0,255,255,255,255,255,255,255,255,0,0,0,0,0,0,0,0,255,255,255,255,255,255,255,255,
0xC7,0xC7,0xC7,0xC7,0xC7,0xC7,0xC7,0xC7,255,255,255,255,255,255,255,255,255,255,255,255,255,255,255,255,255,255,255,255,255,255,255,255,0,0,0,0,0,0,0,0,255,255,255,255,255,255,255,255,0,0,0,0,0,0,0,0,255,255,255,255,255,255,255,255,
0xC7,0xC7,0xC7,0xC7,0xC7,0xC7,0xC7,0xC7,255,255,255,255,255,255,255,255,255,255,255,255,255,255,255,255,255,255,255,255,255,255,255,255,0,0,0,0,0,0,0,0,255,255,255,255,255,255,255,255,0,0,0,0,0,0,0,0,255,255,255,255,255,255,255,255,
0xC7,0xC7,0xC7,0xC7,0xC7,0xC7,0xC7,0xC7,255,255,255,255,255,255,255,255,255,255,255,255,255,255,255,255,255,255,255,255,255,255,255,255,0,0,0,0,0,0,0,0,255,255,255,255,255,255,255,255,0,0,0,0,0,0,0,0,255,255,255,255,255,255,255,255,
0xC7,0xC7,0xC7,0xC7,0xC7,0xC7,0xC7,0xC7,255,255,255,255,255,255,255,255,255,255,255,255,255,255,255,255,255,255,255,255,255,255,255,255,0,0,0,0,0,0,0,0,255,255,255,255,255,255,255,255,0,0,0,0,0,0,0,0,255,255,255,255,255,255,255,255,
0xC7,0xC7,0xC7,0xC7,0xC7,0xC7,0xC7,0xC7,255,255,255,255,255,255,255,255,255,255,255,255,255,255,255,255,255,255,255,255,255,255,255,255,0,0,0,0,0,0,0,0,255,255,255,255,255,255,255,255,0,0,0,0,0,0,0,0,255,255,255,255,255,255,255,255,
0xC7,0xC7,0xC7,0xC7,0xC7,0xC7,0xC7,0xC7,255,255,255,255,255,255,255,255,255,255,255,255,255,255,255,255,255,255,255,255,255,255,255,255,0,0,0,0,0,0,0,0,255,255,255,255,255,255,255,255,0,0,0,0,0,0,0,0,255,255,255,255,255,255,255,255,
0xC7,0xC7,0xC7,0xC7,0xC7,0xC7,0xC7,0xC7,255,255,255,255,255,255,255,255,255,255,255,255,255,255,255,255,255,255,255,255,255,255,255,255,0,0,0,0,0,0,0,0,255,255,255,255,255,255,255,255,0,0,0,0,0,0,0,0,255,255,255,255,255,255,255,255,
0xC7,0xC7,0xC7,0xC7,0xC7,0xC7,0xC7,0xC7,255,255,255,255,255,255,255,255,255,255,255,255,255,255,255,255,255,255,255,255,255,255,255,255,0,0,0,0,0,0,0,0,255,255,255,255,255,255,255,255,0,0,0,0,0,0,0,0,255,255,255,255,255,255,255,255,
0xC7,0xC7,0xC7,0xC7,0xC7,0xC7,0xC7,0xC7,255,255,255,255,255,255,255,255,255,255,255,255,255,255,255,255,255,255,255,255,255,255,255,255,255,255,255,255,255,255,255,255,255,255,255,255,255,255,255,255,255,255,255,255,255,255,255,255,255,255,255,255,255,255,255,255,
0xC7,0xC7,0xC7,0xC7,0xC7,0xC7,0xC7,0xC7,255,255,255,255,255,255,255,255,255,255,255,255,255,255,255,255,255,255,255,255,255,255,255,255,255,255,255,255,255,255,255,255,255,255,255,255,255,255,255,255,255,255,255,255,255,255,255,255,255,255,255,255,255,255,255,255,
0xC7,0xC7,0xC7,0xC7,0xC7,0xC7,0xC7,0xC7,255,255,255,255,255,255,255,255,255,255,255,255,255,255,255,255,255,255,255,255,255,255,255,255,255,255,255,255,255,255,255,255,255,255,255,255,255,255,255,255,255,255,255,255,255,255,255,255,255,255,255,255,255,255,255,255,
0xC7,0xC7,0xC7,0xC7,0xC7,0xC7,0xC7,0xC7,255,255,255,255,255,255,255,255,255,255,255,255,255,255,255,255,255,255,255,255,255,255,255,255,255,255,255,255,255,255,255,255,255,255,255,255,255,255,255,255,255,255,255,255,255,255,255,255,255,255,255,255,255,255,255,255,
0xC7,0xC7,0xC7,0xC7,0xC7,0xC7,0xC7,0xC7,255,255,255,255,255,255,255,255,255,255,255,255,255,255,255,255,255,255,255,255,255,255,255,255,255,255,255,255,255,255,255,255,255,255,255,255,255,255,255,255,255,255,255,255,255,255,255,255,255,255,255,255,255,255,255,255,
0xC7,0xC7,0xC7,0xC7,0xC7,0xC7,0xC7,0xC7,255,255,255,255,255,255,255,255,255,255,255,255,255,255,255,255,255,255,255,255,255,255,255,255,255,255,255,255,255,255,255,255,255,255,255,255,255,255,255,255,255,255,255,255,255,255,255,255,255,255,255,255,255,255,255,255,
0xC7,0xC7,0xC7,0xC7,0xC7,0xC7,0xC7,0xC7,255,255,255,255,255,255,255,255,255,255,255,255,255,255,255,255,255,255,255,255,255,255,255,255,255,255,255,255,255,255,255,255,255,255,255,255,255,255,255,255,255,255,255,255,255,255,255,255,255,255,255,255,255,255,255,255,
0xC7,0xC7,0xC7,0xC7,0xC7,0xC7,0xC7,0xC7,255,255,255,255,255,255,255,255,255,255,255,255,255,255,255,255,255,255,255,255,255,255,255,255,255,255,255,255,255,255,255,255,255,255,255,255,255,255,255,255,255,255,255,255,255,255,255,255,255,255,255,255,255,255,255,255,
0xC7,0xC7,0xC7,0xC7,0xC7,0xC7,0xC7,0xC7,255,255,255,255,255,255,255,255,255,255,255,255,255,255,255,255,255,255,255,255,255,255,255,255,255,255,255,255,255,255,255,255,255,255,255,255,255,255,255,255,255,255,255,255,255,255,255,255,255,255,255,255,255,255,255,255,
0xC7,0xC7,0xC7,0xC7,0xC7,0xC7,0xC7,0xC7,255,255,255,255,255,255,255,255,255,255,255,255,255,255,255,255,255,255,255,255,255,255,255,255,255,255,255,255,255,255,255,255,255,255,255,255,255,255,255,255,255,255,255,255,255,255,255,255,255,255,255,255,255,255,255,255,
0xC7,0xC7,0xC7,0xC7,0xC7,0xC7,0xC7,0xC7,255,255,255,255,255,255,255,255,255,255,255,255,255,255,255,255,255,255,255,255,255,255,255,255,255,255,255,255,255,255,255,255,255,255,255,255,255,255,255,255,255,255,255,255,255,255,255,255,255,255,255,255,255,255,255,255,
0xC7,0xC7,0xC7,0xC7,0xC7,0xC7,0xC7,0xC7,255,255,255,255,255,255,255,255,255,255,255,255,255,255,255,255,255,255,255,255,255,255,255,255,255,255,255,255,255,255,255,255,255,255,255,255,255,255,255,255,255,255,255,255,255,255,255,255,255,255,255,255,255,255,255,255,
0xC7,0xC7,0xC7,0xC7,0xC7,0xC7,0xC7,0xC7,255,255,255,255,255,255,255,255,255,255,255,255,255,255,255,255,255,255,255,255,255,255,255,255,255,255,255,255,255,255,255,255,255,255,255,255,255,255,255,255,255,255,255,255,255,255,255,255,255,255,255,255,255,255,255,255,
0xC7,0xC7,0xC7,0xC7,0xC7,0xC7,0xC7,0xC7,255,255,255,255,255,255,255,255,255,255,255,255,255,255,255,255,255,255,255,255,255,255,255,255,255,255,255,255,255,255,255,255,255,255,255,255,255,255,255,255,255,255,255,255,255,255,255,255,255,255,255,255,255,255,255,255,
0xC7,0xC7,0xC7,0xC7,0xC7,0xC7,0xC7,0xC7,255,255,255,255,255,255,255,255,255,255,255,255,255,255,255,255,255,255,255,255,255,255,255,255,255,255,255,255,255,255,255,255,255,255,255,255,255,255,255,255,255,255,255,255,255,255,255,255,255,255,255,255,255,255,255,255,
0xC7,0xC7,0xC7,0xC7,0xC7,0xC7,0xC7,0xC7,255,255,255,255,255,255,255,255,255,255,255,255,255,255,255,255,255,255,255,255,255,255,255,255,255,255,255,255,255,255,255,255,255,255,255,255,255,255,255,255,255,255,255,255,255,255,255,255,255,255,255,255,255,255,255,255,
0xC7,0xC7,0xC7,0xC7,0xC7,0xC7,0xC7,0xC7,255,255,255,255,255,255,255,255,255,255,255,255,255,255,255,255,255,255,255,255,255,255,255,255,255,255,255,255,255,255,255,255,255,255,255,255,255,255,255,255,255,255,255,255,255,255,255,255,255,255,255,255,255,255,255,255,
0xC7,0xC7,0xC7,0xC7,0xC7,0xC7,0xC7,0xC7,255,255,255,255,255,255,255,255,255,255,255,255,255,255,255,255,255,255,255,255,255,255,255,255,255,255,255,255,255,255,255,255,255,255,255,255,255,255,255,255,255,255,255,255,255,255,255,255,255,255,255,255,255,255,255,255,
0xC7,0xC7,0xC7,0xC7,0xC7,0xC7,0xC7,0xC7,255,255,255,255,255,255,255,255,255,255,255,255,255,255,255,255,255,255,255,255,255,255,255,255,255,255,255,255,255,255,255,255,255,255,255,255,255,255,255,255,255,255,255,255,255,255,255,255,255,255,255,255,255,255,255,255,
0xC7,0xC7,0xC7,0xC7,0xC7,0xC7,0xC7,0xC7,255,255,255,255,255,255,255,255,255,255,255,255,255,255,255,255,255,255,255,255,255,255,255,255,255,255,255,255,255,255,255,255,255,255,255,255,255,255,255,255,255,255,255,255,255,255,255,255,255,255,255,255,255,255,255,255,
0xC7,0xC7,0xC7,0xC7,0xC7,0xC7,0xC7,0xC7,255,255,255,255,255,255,255,255,255,255,255,255,255,255,255,255,255,255,255,255,255,255,255,255,255,255,255,255,255,255,255,255,255,255,255,255,255,255,255,255,255,255,255,255,255,255,255,255,255,255,255,255,255,255,255,255,
0xC7,0xC7,0xC7,0xC7,0xC7,0xC7,0xC7,0xC7,255,255,255,255,255,255,255,255,255,255,255,255,255,255,255,255,255,255,255,255,255,255,255,255,255,255,255,255,255,255,255,255,255,255,255,255,255,255,255,255,255,255,255,255,255,255,255,255,255,255,255,255,255,255,255,255,
0xC7,0xC7,0xC7,0xC7,0xC7,0xC7,0xC7,0xC7,255,255,255,255,255,255,255,255,255,255,255,255,255,255,255,255,255,255,255,255,255,255,255,255,255,255,255,255,255,255,255,255,255,255,255,255,255,255,255,255,255,255,255,255,255,255,255,255,255,255,255,255,255,255,255,255,
0xC7,0xC7,0xC7,0xC7,0xC7,0xC7,0xC7,0xC7,255,255,255,255,255,255,255,255,255,255,255,255,255,255,255,255,255,255,255,255,255,255,255,255,255,255,255,255,255,255,255,255,255,255,255,255,255,255,255,255,255,255,255,255,255,255,255,255,255,255,255,255,255,255,255,255,
0xC7,0xC7,0xC7,0xC7,0xC7,0xC7,0xC7,0xC7,255,255,255,255,255,255,255,255,255,255,255,255,255,255,255,255,255,255,255,255,255,255,255,255,255,255,255,255,255,255,255,255,255,255,255,255,255,255,255,255,255,255,255,255,255,255,255,255,255,255,255,255,255,255,255,255,
0xC7,0xC7,0xC7,0xC7,0xC7,0xC7,0xC7,0xC7,255,255,255,255,255,255,255,255,255,255,255,255,255,255,255,255,255,255,255,255,255,255,255,255,255,255,255,255,255,255,255,255,255,255,255,255,255,255,255,255,255,255,255,255,255,255,255,255,255,255,255,255,255,255,255,255,
0xC7,0xC7,0xC7,0xC7,0xC7,0xC7,0xC7,0xC7,255,255,255,255,255,255,255,255,255,255,255,255,255,255,255,255,255,255,255,255,255,255,255,255,255,255,255,255,255,255,255,255,255,255,255,255,255,255,255,255,255,255,255,255,255,255,255,255,255,255,255,255,255,255,255,255,
0xC7,0xC7,0xC7,0xC7,0xC7,0xC7,0xC7,0xC7,255,255,255,255,255,255,255,255,255,255,255,255,255,255,255,255,255,255,255,255,255,255,255,255,255,255,255,255,255,255,255,255,255,255,255,255,255,255,255,255,255,255,255,255,255,255,255,255,255,255,255,255,255,255,255,255,
0xC7,0xC7,0xC7,0xC7,0xC7,0xC7,0xC7,0xC7,255,255,255,255,255,255,255,255,255,255,255,255,255,255,255,255,255,255,255,255,255,255,255,255,255,255,255,255,255,255,255,255,255,255,255,255,255,255,255,255,255,255,255,255,255,255,255,255,255,255,255,255,255,255,255,255,
0xC7,0xC7,0xC7,0xC7,0xC7,0xC7,0xC7,0xC7,255,255,255,255,255,255,255,255,255,255,255,255,255,255,255,255,255,255,255,255,255,255,255,255,255,255,255,255,255,255,255,255,255,255,255,255,255,255,255,255,255,255,255,255,255,255,255,255,255,255,255,255,255,255,255,255,
0xC7,0xC7,0xC7,0xC7,0xC7,0xC7,0xC7,0xC7,255,255,255,255,255,255,255,255,255,255,255,255,255,255,255,255,255,255,255,255,255,255,255,255,255,255,255,255,255,255,255,255,255,255,255,255,255,255,255,255,255,255,255,255,255,255,255,255,255,255,255,255,255,255,255,255,
0xC7,0xC7,0xC7,0xC7,0xC7,0xC7,0xC7,0xC7,255,255,255,255,255,255,255,255,255,255,255,255,255,255,255,255,255,255,255,255,255,255,255,255,255,255,255,255,255,255,255,255,255,255,255,255,255,255,255,255,255,255,255,255,255,255,255,255,255,255,255,255,255,255,255,255,
0xC7,0xC7,0xC7,0xC7,0xC7,0xC7,0xC7,0xC7,255,255,255,255,255,255,255,255,255,255,255,255,255,255,255,255,255,255,255,255,255,255,255,255,255,255,255,255,255,255,255,255,255,255,255,255,255,255,255,255,255,255,255,255,255,255,255,255,255,255,255,255,255,255,255,255,
0xC7,0xC7,0xC7,0xC7,0xC7,0xC7,0xC7,0xC7,255,255,255,255,255,255,255,255,255,255,255,255,255,255,255,255,255,255,255,255,255,255,255,255,255,255,255,255,255,255,255,255,255,255,255,255,255,255,255,255,255,255,255,255,255,255,255,255,255,255,255,255,255,255,255,255,
0xC7,0xC7,0xC7,0xC7,0xC7,0xC7,0xC7,0xC7,255,255,255,255,255,255,255,255,255,255,255,255,255,255,255,255,255,255,255,255,255,255,255,255,255,255,255,255,255,255,255,255,255,255,255,255,255,255,255,255,255,255,255,255,255,255,255,255,255,255,255,255,255,255,255,255,
0xC7,0xC7,0xC7,0xC7,0xC7,0xC7,0xC7,0xC7,255,255,255,255,255,255,255,255,255,255,255,255,255,255,255,255,255,255,255,255,255,255,255,255,255,255,255,255,255,255,255,255,255,255,255,255,255,255,255,255,255,255,255,255,255,255,255,255,255,255,255,255,255,255,255,255,
0xC7,0xC7,0xC7,0xC7,0xC7,0xC7,0xC7,0xC7,255,255,255,255,255,255,255,255,255,255,255,255,255,255,255,255,255,255,255,255,255,255,255,255,255,255,255,255,255,255,255,255,255,255,255,255,255,255,255,255,255,255,255,255,255,255,255,255,255,255,255,255,255,255,255,255,
0xC7,0xC7,0xC7,0xC7,0xC7,0xC7,0xC7,0xC7,255,255,255,255,255,255,255,255,255,255,255,255,255,255,255,255,255,255,255,255,255,255,255,255,255,255,255,255,255,255,255,255,255,255,255,255,255,255,255,255,255,255,255,255,255,255,255,255,255,255,255,255,255,255,255,255,
0xC7,0xC7,0xC7,0xC7,0xC7,0xC7,0xC7,0xC7,255,255,255,255,255,255,255,255,255,255,255,255,255,255,255,255,255,255,255,255,255,255,255,255,255,255,255,255,255,255,255,255,255,255,255,255,255,255,255,255,255,255,255,255,255,255,255,255,255,255,255,255,255,255,255,255,
0xC7,0xC7,0xC7,0xC7,0xC7,0xC7,0xC7,0xC7,255,255,255,255,255,255,255,255,255,255,255,255,255,255,255,255,255,255,255,255,255,255,255,255,255,255,255,255,255,255,255,255,255,255,255,255,255,255,255,255,255,255,255,255,255,255,255,255,255,255,255,255,255,255,255,255,


